***********
  condition name code
  Test Order AB/BA
  Training Order AB/BA
  Context ID Boutonia Wagneria
  CS ID R/B
**************
PROLIFIC CODE = HoodyHA!
TESTING = FALSE	
EXPERIMENT = EMACS 	
CONDITIONS CONTAINED = 32	
CONDITION = 0
SAVE FILE = EMACS1.txt

LOG COUNT	
0
0	
0	
0
0
0
0	
0	
1
1
0
1
0	
0
0
0
0
0
0	
0	
0
0
0
0
0
1
1
1
0	
1
0
0
	
***** With Extinction *************************************************	
CONDITION NAME = 1111	
	
NUMBER OF TRIALS = 47	
	
CS DEFINITIONS = 4	
X = 1.0, 0.0, 0.0,  0,5,  4,5	
Y = 0.0, 0.0, 1.0,  0,5,  4,5	
Z = 1.0, 1.0, 0.0,  0,5,  4,5	
N = 0.0, 0.0, 0.0,  0,5,  4,5	
	
US DEFINITIONS = 3	
+ = +,5,6,1.0	
! = !,0,5,1.0	
- = -,5,6,1.0	
	
CONTEXT DEFINITIONS = 4	
0 = TRAINING	
3 = LAMOUROXIA	
1 = BOUTONIA	
2 = WAGNERIA	
	
EVENT_STRUCTURES = 6	
X+	
Y+	
X-	
Z+	
N-	
Z-	
	
ITITYPE = FIXED 	
Trial#	1	2	3	4	5	6	7	8	9	10	11	12	13	14	15	16	17	18	19	20	21	22	23	24	25	26	27	28	29	30	31	32	33	34	35	36	37	38	39	40	41	42	43	44	45	46	47
ITI =		6	9	6	4	7	4	1	2	12	8	9	13	6	4	8	4	3	9	1	5	3	4	12	1	5	5	8	4	10	3	10	8	5	6	4	9	8	1	5	5	8	4	6	6	6	6	6
PRE =		5	5	5	5	5	5	5	5	5	5	5	5	5	5	5	5	5	5	5	5	5	5	5	5	5	5	5	5	5	5	5	5	5	5	5	5	5	5	5	5	5	5	5	5	5	5	5
EVENT =	1	1	1	1	2	2	2	2	1	1	1	1	2	2	2	2	3	3	3	3	2	2	2	2	3	3	3	3	2	2	2	2	4	4	4	4	4	2	2	2	2	2	6	6	6	6	1
CONTEXT = 	1	1	1	1	2	2	2	2	1	1	1	1	2	2	2	2	1	1	1	1	2	2	2	2	1	1	1	1	2	2	2	2	1	1	1	1	1	2	2	2	2	2	1	2	1	2	2
PHASE =	1	1	1	1	2	2	2	2	1	1	1	1	2	2	2	2	3	3	3	3	4	4	4	4	3	3	3	3	4	4	4	4	5	5	5	5	5	6	6	6	6	6	7	8	7	8	9
RUN = 1 to 47

	
CONDITION NAME = 1211	
	
NUMBER OF TRIALS = 47	
	
CS DEFINITIONS = 4	
X = 1.0, 0.0, 0.0,  0,5,  4,5	
Y = 0.0, 0.0, 1.0,  0,5,  4,5	
Z = 1.0, 1.0, 0.0,  0,5,  4,5	
N = 0.0, 0.0, 0.0,  0,5,  4,5		
	
US DEFINITIONS = 3	
+ = +,5,6,1.0	
! = !,0,5,1.0	
- = -,5,6,1.0	
	
CONTEXT DEFINITIONS = 4	
0 = TRAINING	
3 = LAMOUROXIA	
1 = BOUTONIA	
2 = WAGNERIA	
	
EVENT_STRUCTURES = 6	
X+	
Y+	
X-	
Z+	
N-	
Z-	
	
ITITYPE = FIXED 	
Trial#	1	2	3	4	5	6	7	8	9	10	11	12	13	14	15	16	17	18	19	20	21	22	23	24	25	26	27	28	29	30	31	32	33	34	35	36	37	38	39	40	41	42	43	44	45	46	47
ITI =	7	4	1	2	6	9	6	4	6	4	8	4	12	8	9	13	3	4	12	1	3	9	1	5	10	3	10	8	5	5	8	4	1	5	5	8	4	5	6	4	9	8	6	6	6	6	6
PRE =	5	5	5	5	5	5	5	5	5	5	5	5	5	5	5	5	5	5	5	5	5	5	5	5	5	5	5	5	5	5	5	5	5	5	5	5	5	5	5	5	5	5	5	5	5	5	5
EVENT =	2	2	2	2	1	1	1	1	2	2	2	2	1	1	1	1	2	2	2	2	3	3	3	3	2	2	2	2	3	3	3	3	2	2	2	2	2	4	4	4	4	4	6	6	6	6	1
CONTEXT = 	2	2	2	2	1	1	1	1	2	2	2	2	1	1	1	1	2	2	2	2	1	1	1	1	2	2	2	2	1	1	1	1	2	2	2	2	2	1	1	1	1	1	1	2	1	2	2
PHASE =	2	2	2	2	1	1	1	1	2	2	2	2	1	1	1	1	4	4	4	4	3	3	3	3	4	4	4	4	3	3	3	3	6	6	6	6	6	5	5	5	5	5	7	8	7	8	9
RUN = 1 to 47

CONDITION NAME = 1121	
	
NUMBER OF TRIALS = 47	
	
CS DEFINITIONS = 4	
X = 1.0, 0.0, 0.0,  0,5,  4,5	
Y = 0.0, 0.0, 1.0,  0,5,  4,5	
Z = 1.0, 1.0, 0.0,  0,5,  4,5	
N = 0.0, 0.0, 0.0,  0,5,  4,5		
	
US DEFINITIONS = 3	
+ = +,5,6,1.0	
! = !,0,5,1.0	
- = -,5,6,1.0	
	
CONTEXT DEFINITIONS = 4	
0 = TRAINING	
3 = LAMOUROXIA	
1 = BOUTONIA	
2 = WAGNERIA	
	
EVENT_STRUCTURES = 6	
X+	
Y+	
X-	
Z+	
N-	
Z-	
	
ITITYPE = FIXED 	
Trial#	1	2	3	4	5	6	7	8	9	10	11	12	13	14	15	16	17	18	19	20	21	22	23	24	25	26	27	28	29	30	31	32	33	34	35	36	37	38	39	40	41	42	43	44	45	46	47
ITI =	6	9	6	4	7	4	1	2	12	8	9	13	6	4	8	4	3	9	1	5	3	4	12	1	5	5	8	4	10	3	10	8	5	6	4	9	8	1	5	5	8	4	6	6	6	6	6
PRE =	5	5	5	5	5	5	5	5	5	5	5	5	5	5	5	5	5	5	5	5	5	5	5	5	5	5	5	5	5	5	5	5	5	5	5	5	5	5	5	5	5	5	5	5	5	5	5
EVENT =	1	1	1	1	2	2	2	2	1	1	1	1	2	2	2	2	3	3	3	3	2	2	2	2	3	3	3	3	2	2	2	2	4	4	4	4	4	2	2	2	2	2	6	6	6	6	1
CONTEXT = 	1	1	1	1	2	2	2	2	1	1	1	1	2	2	2	2	1	1	1	1	2	2	2	2	1	1	1	1	2	2	2	2	1	1	1	1	1	2	2	2	2	2	2	1	2	1	2
PHASE =	1	1	1	1	2	2	2	2	1	1	1	1	2	2	2	2	3	3	3	3	4	4	4	4	3	3	3	3	4	4	4	4	5	5	5	5	5	6	6	6	6	6	8	7	8	7	9
RUN = 1 to 47
	
CONDITION NAME = 1221	
	
NUMBER OF TRIALS = 47	
	
CS DEFINITIONS = 4	
X = 1.0, 0.0, 0.0,  0,5,  4,5	
Y = 0.0, 0.0, 1.0,  0,5,  4,5	
Z = 1.0, 1.0, 0.0,  0,5,  4,5	
N = 0.0, 0.0, 0.0,  0,5,  4,5		
	
US DEFINITIONS = 3	
+ = +,5,6,1.0	
! = !,0,5,1.0	
- = -,5,6,1.0	
	
CONTEXT DEFINITIONS = 4	
0 = TRAINING	
3 = LAMOUROXIA	
1 = BOUTONIA	
2 = WAGNERIA	
	
EVENT_STRUCTURES = 6	
X+	
Y+	
X-	
Z+	
N-	
Z-	
	
ITITYPE = FIXED 	
Trial#	1	2	3	4	5	6	7	8	9	10	11	12	13	14	15	16	17	18	19	20	21	22	23	24	25	26	27	28	29	30	31	32	33	34	35	36	37	38	39	40	41	42	43	44	45	46	47
ITI =	7	4	1	2	6	9	6	4	6	4	8	4	12	8	9	13	3	4	12	1	3	9	1	5	10	3	10	8	5	5	8	4	1	5	5	8	4	5	6	4	9	8	6	6	6	6	6
PRE =	5	5	5	5	5	5	5	5	5	5	5	5	5	5	5	5	5	5	5	5	5	5	5	5	5	5	5	5	5	5	5	5	5	5	5	5	5	5	5	5	5	5	5	5	5	5	5
EVENT =	2	2	2	2	1	1	1	1	2	2	2	2	1	1	1	1	2	2	2	2	3	3	3	3	2	2	2	2	3	3	3	3	2	2	2	2	2	4	4	4	4	4	6	6	6	6	1
CONTEXT = 	2	2	2	2	1	1	1	1	2	2	2	2	1	1	1	1	2	2	2	2	1	1	1	1	2	2	2	2	1	1	1	1	2	2	2	2	2	1	1	1	1	1	2	1	2	1	2
PHASE =	2	2	2	2	1	1	1	1	2	2	2	2	1	1	1	1	4	4	4	4	3	3	3	3	4	4	4	4	3	3	3	3	6	6	6	6	6	5	5	5	5	5	8	7	8	7	9
RUN = 1 to 47
	
	
CONDITION NAME = 2111	
	
NUMBER OF TRIALS = 47	
	
CS DEFINITIONS = 4	
X = 1.0, 0.0, 0.0,  0,5,  4,5	
Y = 0.0, 0.0, 1.0,  0,5,  4,5	
Z = 1.0, 1.0, 0.0,  0,5,  4,5	
N = 0.0, 0.0, 0.0,  0,5,  4,5		
	
US DEFINITIONS = 3	
+ = +,5,6,1.0	
! = !,0,5,1.0	
- = -,5,6,1.0	
	
CONTEXT DEFINITIONS = 4	
0 = TRAINING	
3 = LAMOUROXIA	
2 = BOUTONIA	
1 = WAGNERIA	
	
EVENT_STRUCTURES = 6	
X+	
Y+	
X-	
Z+	
N-	
Z-	
	
ITITYPE = FIXED 	
Trial#	1	2	3	4	5	6	7	8	9	10	11	12	13	14	15	16	17	18	19	20	21	22	23	24	25	26	27	28	29	30	31	32	33	34	35	36	37	38	39	40	41	42	43	44	45	46	47
ITI =	6	9	6	4	7	4	1	2	12	8	9	13	6	4	8	4	3	9	1	5	3	4	12	1	5	5	8	4	10	3	10	8	5	6	4	9	8	1	5	5	8	4	6	6	6	6	6
PRE =	5	5	5	5	5	5	5	5	5	5	5	5	5	5	5	5	5	5	5	5	5	5	5	5	5	5	5	5	5	5	5	5	5	5	5	5	5	5	5	5	5	5	5	5	5	5	5
EVENT =	1	1	1	1	2	2	2	2	1	1	1	1	2	2	2	2	3	3	3	3	2	2	2	2	3	3	3	3	2	2	2	2	4	4	4	4	4	2	2	2	2	2	6	6	6	6	1
CONTEXT = 	1	1	1	1	2	2	2	2	1	1	1	1	2	2	2	2	1	1	1	1	2	2	2	2	1	1	1	1	2	2	2	2	1	1	1	1	1	2	2	2	2	2	1	2	1	2	2
PHASE =	1	1	1	1	2	2	2	2	1	1	1	1	2	2	2	2	3	3	3	3	4	4	4	4	3	3	3	3	4	4	4	4	5	5	5	5	5	6	6	6	6	6	7	8	7	8	9
RUN = 1 to 47

CONDITION NAME = 2211	
	
NUMBER OF TRIALS = 47	
	
CS DEFINITIONS = 4	
X = 1.0, 0.0, 0.0,  0,5,  4,5	
Y = 0.0, 0.0, 1.0,  0,5,  4,5	
Z = 1.0, 1.0, 0.0,  0,5,  4,5	
N = 0.0, 0.0, 0.0,  0,5,  4,5		
	
US DEFINITIONS = 3	
+ = +,5,6,1.0	
! = !,0,5,1.0	
- = -,5,6,1.0	
	
CONTEXT DEFINITIONS = 4	
0 = TRAINING	
3 = LAMOUROXIA	
2 = BOUTONIA	
1 = WAGNERIA	
	
EVENT_STRUCTURES = 6	
X+	
Y+	
X-	
Z+	
N-	
Z-	
	
ITITYPE = FIXED 	
Trial#	1	2	3	4	5	6	7	8	9	10	11	12	13	14	15	16	17	18	19	20	21	22	23	24	25	26	27	28	29	30	31	32	33	34	35	36	37	38	39	40	41	42	43	44	45	46	47
ITI =	7	4	1	2	6	9	6	4	6	4	8	4	12	8	9	13	3	4	12	1	3	9	1	5	10	3	10	8	5	5	8	4	1	5	5	8	4	5	6	4	9	8	6	6	6	6	6
PRE =	5	5	5	5	5	5	5	5	5	5	5	5	5	5	5	5	5	5	5	5	5	5	5	5	5	5	5	5	5	5	5	5	5	5	5	5	5	5	5	5	5	5	5	5	5	5	5
EVENT =	2	2	2	2	1	1	1	1	2	2	2	2	1	1	1	1	2	2	2	2	3	3	3	3	2	2	2	2	3	3	3	3	2	2	2	2	2	4	4	4	4	4	6	6	6	6	1
CONTEXT = 	2	2	2	2	1	1	1	1	2	2	2	2	1	1	1	1	2	2	2	2	1	1	1	1	2	2	2	2	1	1	1	1	2	2	2	2	2	1	1	1	1	1	1	2	1	2	2
PHASE =	2	2	2	2	1	1	1	1	2	2	2	2	1	1	1	1	4	4	4	4	3	3	3	3	4	4	4	4	3	3	3	3	6	6	6	6	6	5	5	5	5	5	7	8	7	8	9
RUN = 1 to 47
	
CONDITION NAME = 2121	
	
NUMBER OF TRIALS = 47	
	
CS DEFINITIONS = 4	
X = 1.0, 0.0, 0.0,  0,5,  4,5	
Y = 0.0, 0.0, 1.0,  0,5,  4,5	
Z = 1.0, 1.0, 0.0,  0,5,  4,5	
N = 0.0, 0.0, 0.0,  0,5,  4,5		
	
US DEFINITIONS = 3	
+ = +,5,6,1.0	
! = !,0,5,1.0	
- = -,5,6,1.0	
	
CONTEXT DEFINITIONS = 4	
0 = TRAINING	
3 = LAMOUROXIA	
2 = BOUTONIA	
1 = WAGNERIA	
	
EVENT_STRUCTURES = 6	
X+	
Y+	
X-	
Z+	
N-	
Z-	
	
ITITYPE = FIXED 	
Trial#	1	2	3	4	5	6	7	8	9	10	11	12	13	14	15	16	17	18	19	20	21	22	23	24	25	26	27	28	29	30	31	32	33	34	35	36	37	38	39	40	41	42	43	44	45	46	47
ITI =	6	9	6	4	7	4	1	2	12	8	9	13	6	4	8	4	3	9	1	5	3	4	12	1	5	5	8	4	10	3	10	8	5	6	4	9	8	1	5	5	8	4	6	6	6	6	6
PRE =	5	5	5	5	5	5	5	5	5	5	5	5	5	5	5	5	5	5	5	5	5	5	5	5	5	5	5	5	5	5	5	5	5	5	5	5	5	5	5	5	5	5	5	5	5	5	5
EVENT =	1	1	1	1	2	2	2	2	1	1	1	1	2	2	2	2	3	3	3	3	2	2	2	2	3	3	3	3	2	2	2	2	4	4	4	4	4	2	2	2	2	2	6	6	6	6	1
CONTEXT = 	1	1	1	1	2	2	2	2	1	1	1	1	2	2	2	2	1	1	1	1	2	2	2	2	1	1	1	1	2	2	2	2	1	1	1	1	1	2	2	2	2	2	2	1	2	1	2
PHASE =	1	1	1	1	2	2	2	2	1	1	1	1	2	2	2	2	3	3	3	3	4	4	4	4	3	3	3	3	4	4	4	4	5	5	5	5	5	6	6	6	6	6	8	7	8	7	9
RUN = 1 to 47
	
CONDITION NAME = 2221	
	
NUMBER OF TRIALS = 47	
	
CS DEFINITIONS = 4	
X = 1.0, 0.0, 0.0,  0,5,  4,5	
Y = 0.0, 0.0, 1.0,  0,5,  4,5	
Z = 1.0, 1.0, 0.0,  0,5,  4,5	
N = 0.0, 0.0, 0.0,  0,5,  4,5		
	
US DEFINITIONS = 3	
+ = +,5,6,1.0	
! = !,0,5,1.0	
- = -,5,6,1.0	
	
CONTEXT DEFINITIONS = 4	
0 = TRAINING	
3 = LAMOUROXIA	
2 = BOUTONIA	
1 = WAGNERIA	
	
EVENT_STRUCTURES = 6	
X+	
Y+	
X-	
Z+	
N-	
Z-	
	
ITITYPE = FIXED 	
Trial#	1	2	3	4	5	6	7	8	9	10	11	12	13	14	15	16	17	18	19	20	21	22	23	24	25	26	27	28	29	30	31	32	33	34	35	36	37	38	39	40	41	42	43	44	45	46	47
ITI =	7	4	1	2	6	9	6	4	6	4	8	4	12	8	9	13	3	4	12	1	3	9	1	5	10	3	10	8	5	5	8	4	1	5	5	8	4	5	6	4	9	8	6	6	6	6	6
PRE =	5	5	5	5	5	5	5	5	5	5	5	5	5	5	5	5	5	5	5	5	5	5	5	5	5	5	5	5	5	5	5	5	5	5	5	5	5	5	5	5	5	5	5	5	5	5	5
EVENT =	2	2	2	2	1	1	1	1	2	2	2	2	1	1	1	1	2	2	2	2	3	3	3	3	2	2	2	2	3	3	3	3	2	2	2	2	2	4	4	4	4	4	6	6	6	6	1
CONTEXT = 	2	2	2	2	1	1	1	1	2	2	2	2	1	1	1	1	2	2	2	2	1	1	1	1	2	2	2	2	1	1	1	1	2	2	2	2	2	1	1	1	1	1	2	1	2	1	2
PHASE =	2	2	2	2	1	1	1	1	2	2	2	2	1	1	1	1	4	4	4	4	3	3	3	3	4	4	4	4	3	3	3	3	6	6	6	6	6	5	5	5	5	5	8	7	8	7	9
RUN = 1 to 47
	
	
CONDITION NAME = 1112	
	
NUMBER OF TRIALS = 47	
	
CS DEFINITIONS = 4	
Y = 1.0, 0.0, 0.0,  0,5,  4,5	
X = 0.0, 0.0, 1.0,  0,5,  4,5	
Z = 1.0, 1.0, 0.0,  0,5,  4,5	
N = 0.0, 0.0, 0.0,  0,5,  4,5		
	
US DEFINITIONS = 3	
+ = +,5,6,1.0	
! = !,0,5,1.0	
- = -,5,6,1.0	
	
CONTEXT DEFINITIONS = 4	
0 = TRAINING	
3 = LAMOUROXIA	
1 = BOUTONIA	
2 = WAGNERIA	
	
EVENT_STRUCTURES = 6	
X+	
Y+	
X-	
Z+	
N-	
Z-	
	
ITITYPE = FIXED 	
Trial#	1	2	3	4	5	6	7	8	9	10	11	12	13	14	15	16	17	18	19	20	21	22	23	24	25	26	27	28	29	30	31	32	33	34	35	36	37	38	39	40	41	42	43	44	45	46	47
ITI =	6	9	6	4	7	4	1	2	12	8	9	13	6	4	8	4	3	9	1	5	3	4	12	1	5	5	8	4	10	3	10	8	5	6	4	9	8	1	5	5	8	4	6	6	6	6	6
PRE =	5	5	5	5	5	5	5	5	5	5	5	5	5	5	5	5	5	5	5	5	5	5	5	5	5	5	5	5	5	5	5	5	5	5	5	5	5	5	5	5	5	5	5	5	5	5	5
EVENT =	1	1	1	1	2	2	2	2	1	1	1	1	2	2	2	2	3	3	3	3	2	2	2	2	3	3	3	3	2	2	2	2	4	4	4	4	4	2	2	2	2	2	6	6	6	6	1
CONTEXT = 	1	1	1	1	2	2	2	2	1	1	1	1	2	2	2	2	1	1	1	1	2	2	2	2	1	1	1	1	2	2	2	2	1	1	1	1	1	2	2	2	2	2	1	2	1	2	2
PHASE =	1	1	1	1	2	2	2	2	1	1	1	1	2	2	2	2	3	3	3	3	4	4	4	4	3	3	3	3	4	4	4	4	5	5	5	5	5	6	6	6	6	6	7	8	7	8	9
RUN = 1 to 47
	
CONDITION NAME = 1212	
	
NUMBER OF TRIALS = 47	
	
CS DEFINITIONS = 4	
Y = 1.0, 0.0, 0.0,  0,5,  4,5	
X = 0.0, 0.0, 1.0,  0,5,  4,5	
Z = 1.0, 1.0, 0.0,  0,5,  4,5	
N = 0.0, 0.0, 0.0,  0,5,  4,5		
	
US DEFINITIONS = 3	
+ = +,5,6,1.0	
! = !,0,5,1.0	
- = -,5,6,1.0	
	
CONTEXT DEFINITIONS = 4	
0 = TRAINING	
3 = LAMOUROXIA	
1 = BOUTONIA	
2 = WAGNERIA	
	
EVENT_STRUCTURES = 6	
X+	
Y+	
X-	
Z+	
N-	
Z-	
	
ITITYPE = FIXED 	
Trial#	1	2	3	4	5	6	7	8	9	10	11	12	13	14	15	16	17	18	19	20	21	22	23	24	25	26	27	28	29	30	31	32	33	34	35	36	37	38	39	40	41	42	43	44	45	46	47
ITI =	7	4	1	2	6	9	6	4	6	4	8	4	12	8	9	13	3	4	12	1	3	9	1	5	10	3	10	8	5	5	8	4	1	5	5	8	4	5	6	4	9	8	6	6	6	6	6
PRE =	5	5	5	5	5	5	5	5	5	5	5	5	5	5	5	5	5	5	5	5	5	5	5	5	5	5	5	5	5	5	5	5	5	5	5	5	5	5	5	5	5	5	5	5	5	5	5
EVENT =	2	2	2	2	1	1	1	1	2	2	2	2	1	1	1	1	2	2	2	2	3	3	3	3	2	2	2	2	3	3	3	3	2	2	2	2	2	4	4	4	4	4	6	6	6	6	1
CONTEXT = 	2	2	2	2	1	1	1	1	2	2	2	2	1	1	1	1	2	2	2	2	1	1	1	1	2	2	2	2	1	1	1	1	2	2	2	2	2	1	1	1	1	1	1	2	1	2	2
PHASE =	2	2	2	2	1	1	1	1	2	2	2	2	1	1	1	1	4	4	4	4	3	3	3	3	4	4	4	4	3	3	3	3	6	6	6	6	6	5	5	5	5	5	7	8	7	8	9
RUN = 1 to 47
	
CONDITION NAME = 1122	
	
NUMBER OF TRIALS = 47	
	
CS DEFINITIONS = 4	
Y = 1.0, 0.0, 0.0,  0,5,  4,5	
X = 0.0, 0.0, 1.0,  0,5,  4,5	
Z = 1.0, 1.0, 0.0,  0,5,  4,5	
N = 0.0, 0.0, 0.0,  0,5,  4,5		
	
US DEFINITIONS = 3	
+ = +,5,6,1.0	
! = !,0,5,1.0	
- = -,5,6,1.0	
	
CONTEXT DEFINITIONS = 4	
0 = TRAINING	
3 = LAMOUROXIA	
1 = BOUTONIA	
2 = WAGNERIA	
	
EVENT_STRUCTURES = 6	
X+	
Y+	
X-	
Z+	
N-	
Z-	
	
ITITYPE = FIXED 	
Trial#	1	2	3	4	5	6	7	8	9	10	11	12	13	14	15	16	17	18	19	20	21	22	23	24	25	26	27	28	29	30	31	32	33	34	35	36	37	38	39	40	41	42	43	44	45	46	47
ITI =	6	9	6	4	7	4	1	2	12	8	9	13	6	4	8	4	3	9	1	5	3	4	12	1	5	5	8	4	10	3	10	8	5	6	4	9	8	1	5	5	8	4	6	6	6	6	6
PRE =	5	5	5	5	5	5	5	5	5	5	5	5	5	5	5	5	5	5	5	5	5	5	5	5	5	5	5	5	5	5	5	5	5	5	5	5	5	5	5	5	5	5	5	5	5	5	5
EVENT =	1	1	1	1	2	2	2	2	1	1	1	1	2	2	2	2	3	3	3	3	2	2	2	2	3	3	3	3	2	2	2	2	4	4	4	4	4	2	2	2	2	2	6	6	6	6	1
CONTEXT = 	1	1	1	1	2	2	2	2	1	1	1	1	2	2	2	2	1	1	1	1	2	2	2	2	1	1	1	1	2	2	2	2	1	1	1	1	1	2	2	2	2	2	2	1	2	1	2
PHASE =	1	1	1	1	2	2	2	2	1	1	1	1	2	2	2	2	3	3	3	3	4	4	4	4	3	3	3	3	4	4	4	4	5	5	5	5	5	6	6	6	6	6	8	7	8	7	9
RUN = 1 to 47
	
CONDITION NAME = 1222	
	
NUMBER OF TRIALS = 47	
	
CS DEFINITIONS = 4	
Y = 1.0, 0.0, 0.0,  0,5,  4,5	
X = 0.0, 0.0, 1.0,  0,5,  4,5	
Z = 1.0, 1.0, 0.0,  0,5,  4,5	
N = 0.0, 0.0, 0.0,  0,5,  4,5		
	
US DEFINITIONS = 3	
+ = +,5,6,1.0	
! = !,0,5,1.0	
- = -,5,6,1.0	
	
CONTEXT DEFINITIONS = 4	
0 = TRAINING	
3 = LAMOUROXIA	
1 = BOUTONIA	
2 = WAGNERIA	
	
EVENT_STRUCTURES = 6	
X+	
Y+	
X-	
Z+	
N-	
Z-	
	
ITITYPE = FIXED 	
Trial#	1	2	3	4	5	6	7	8	9	10	11	12	13	14	15	16	17	18	19	20	21	22	23	24	25	26	27	28	29	30	31	32	33	34	35	36	37	38	39	40	41	42	43	44	45	46	47
ITI =	7	4	1	2	6	9	6	4	6	4	8	4	12	8	9	13	3	4	12	1	3	9	1	5	10	3	10	8	5	5	8	4	5	6	4	9	8	1	5	5	8	4	6	6	6	6	6
PRE =	5	5	5	5	5	5	5	5	5	5	5	5	5	5	5	5	5	5	5	5	5	5	5	5	5	5	5	5	5	5	5	5	5	5	5	5	5	5	5	5	5	5	5	5	5	5	5
EVENT =	2	2	2	2	1	1	1	1	2	2	2	2	1	1	1	1	2	2	2	2	3	3	3	3	2	2	2	2	3	3	3	3	2	2	2	2	2	4	4	4	4	4	6	6	6	6	1
CONTEXT = 	2	2	2	2	1	1	1	1	2	2	2	2	1	1	1	1	2	2	2	2	1	1	1	1	2	2	2	2	1	1	1	1	2	2	2	2	2	1	1	1	1	1	2	1	2	1	2
PHASE =	2	2	2	2	1	1	1	1	2	2	2	2	1	1	1	1	4	4	4	4	3	3	3	3	4	4	4	4	3	3	3	3	6	6	6	6	6	5	5	5	5	5	8	7	8	7	9
RUN = 1 to 47
	
	
CONDITION NAME = 2112	
	
NUMBER OF TRIALS = 47	
	
CS DEFINITIONS = 4	
Y = 1.0, 0.0, 0.0,  0,5,  4,5	
X = 0.0, 0.0, 1.0,  0,5,  4,5	
Z = 1.0, 1.0, 0.0,  0,5,  4,5	
N = 0.0, 0.0, 0.0,  0,5,  4,5		
	
US DEFINITIONS = 3	
+ = +,5,6,1.0	
! = !,0,5,1.0	
- = -,5,6,1.0	
	
CONTEXT DEFINITIONS = 4	
0 = TRAINING	
3 = LAMOUROXIA	
2 = BOUTONIA	
1 = WAGNERIA	
	
EVENT_STRUCTURES = 6	
X+	
Y+	
X-	
Z+	
N-	
Z-	
	
ITITYPE = FIXED 	
Trial#	1	2	3	4	5	6	7	8	9	10	11	12	13	14	15	16	17	18	19	20	21	22	23	24	25	26	27	28	29	30	31	32	33	34	35	36	37	38	39	40	41	42	43	44	45	46	47
ITI =	6	9	6	4	7	4	1	2	12	8	9	13	6	4	8	4	3	9	1	5	3	4	12	1	5	5	8	4	10	3	10	8	5	6	4	9	8	1	5	5	8	4	6	6	6	6	6
PRE =	5	5	5	5	5	5	5	5	5	5	5	5	5	5	5	5	5	5	5	5	5	5	5	5	5	5	5	5	5	5	5	5	5	5	5	5	5	5	5	5	5	5	5	5	5	5	5
EVENT =	1	1	1	1	2	2	2	2	1	1	1	1	2	2	2	2	3	3	3	3	2	2	2	2	3	3	3	3	2	2	2	2	4	4	4	4	4	2	2	2	2	2	6	6	6	6	1
CONTEXT = 	1	1	1	1	2	2	2	2	1	1	1	1	2	2	2	2	1	1	1	1	2	2	2	2	1	1	1	1	2	2	2	2	1	1	1	1	1	2	2	2	2	2	1	2	1	2	2
PHASE =	1	1	1	1	2	2	2	2	1	1	1	1	2	2	2	2	3	3	3	3	4	4	4	4	3	3	3	3	4	4	4	4	5	5	5	5	5	6	6	6	6	6	7	8	7	8	9
RUN = 1 to 47
	
CONDITION NAME = 2212	
	
NUMBER OF TRIALS = 47	
	
CS DEFINITIONS = 4	
Y = 1.0, 0.0, 0.0,  0,5,  4,5	
X = 0.0, 0.0, 1.0,  0,5,  4,5	
Z = 1.0, 1.0, 0.0,  0,5,  4,5	
N = 0.0, 0.0, 0.0,  0,5,  4,5		
	
US DEFINITIONS = 3	
+ = +,5,6,1.0	
! = !,0,5,1.0	
- = -,5,6,1.0	
	
CONTEXT DEFINITIONS = 4	
0 = TRAINING	
3 = LAMOUROXIA	
2 = BOUTONIA	
1 = WAGNERIA	
	
EVENT_STRUCTURES = 6	
X+	
Y+	
X-	
Z+	
N-	
Z-	
	
ITITYPE = FIXED 	
Trial#	1	2	3	4	5	6	7	8	9	10	11	12	13	14	15	16	17	18	19	20	21	22	23	24	25	26	27	28	29	30	31	32	33	34	35	36	37	38	39	40	41	42	43	44	45	46	47
ITI =	7	4	1	2	6	9	6	4	6	4	8	4	12	8	9	13	3	4	12	1	3	9	1	5	10	3	10	8	5	5	8	4	1	5	5	8	4	5	6	4	9	8	6	6	6	6	6
PRE =	5	5	5	5	5	5	5	5	5	5	5	5	5	5	5	5	5	5	5	5	5	5	5	5	5	5	5	5	5	5	5	5	5	5	5	5	5	5	5	5	5	5	5	5	5	5	5
EVENT =	2	2	2	2	1	1	1	1	2	2	2	2	1	1	1	1	2	2	2	2	3	3	3	3	2	2	2	2	3	3	3	3	2	2	2	2	2	4	4	4	4	4	6	6	6	6	1
CONTEXT = 	2	2	2	2	1	1	1	1	2	2	2	2	1	1	1	1	2	2	2	2	1	1	1	1	2	2	2	2	1	1	1	1	2	2	2	2	2	1	1	1	1	1	1	2	1	2	2
PHASE =	2	2	2	2	1	1	1	1	2	2	2	2	1	1	1	1	4	4	4	4	3	3	3	3	4	4	4	4	3	3	3	3	6	6	6	6	6	5	5	5	5	5	7	8	7	8	9
RUN = 1 to 47
	
CONDITION NAME = 2122	
	
NUMBER OF TRIALS = 47	
	
CS DEFINITIONS = 4	
Y = 1.0, 0.0, 0.0,  0,5,  4,5	
X = 0.0, 0.0, 1.0,  0,5,  4,5	
Z = 1.0, 1.0, 0.0,  0,5,  4,5	
N = 0.0, 0.0, 0.0,  0,5,  4,5		
	
US DEFINITIONS = 3	
+ = +,5,6,1.0	
! = !,0,5,1.0	
- = -,5,6,1.0	
	
CONTEXT DEFINITIONS = 4	
0 = TRAINING	
3 = LAMOUROXIA	
2 = BOUTONIA	
1 = WAGNERIA	
	
EVENT_STRUCTURES = 6	
X+	
Y+	
X-	
Z+	
N-	
Z-	
	
ITITYPE = FIXED 	
Trial#	1	2	3	4	5	6	7	8	9	10	11	12	13	14	15	16	17	18	19	20	21	22	23	24	25	26	27	28	29	30	31	32	33	34	35	36	37	38	39	40	41	42	43	44	45	46	47
ITI =	6	9	6	4	7	4	1	2	12	8	9	13	6	4	8	4	3	9	1	5	3	4	12	1	5	5	8	4	10	3	10	8	5	6	4	9	8	1	5	5	8	4	6	6	6	6	6
PRE =	5	5	5	5	5	5	5	5	5	5	5	5	5	5	5	5	5	5	5	5	5	5	5	5	5	5	5	5	5	5	5	5	5	5	5	5	5	5	5	5	5	5	5	5	5	5	5
EVENT =	1	1	1	1	2	2	2	2	1	1	1	1	2	2	2	2	3	3	3	3	2	2	2	2	3	3	3	3	2	2	2	2	4	4	4	4	4	2	2	2	2	2	6	6	6	6	1
CONTEXT = 	1	1	1	1	2	2	2	2	1	1	1	1	2	2	2	2	1	1	1	1	2	2	2	2	1	1	1	1	2	2	2	2	1	1	1	1	1	2	2	2	2	2	2	1	2	1	2
PHASE =	1	1	1	1	2	2	2	2	1	1	1	1	2	2	2	2	3	3	3	3	4	4	4	4	3	3	3	3	4	4	4	4	5	5	5	5	5	6	6	6	6	6	8	7	8	7	9
RUN = 1 to 47
	
CONDITION NAME = 2222	
	
NUMBER OF TRIALS = 47	
	
CS DEFINITIONS = 4	
Y = 1.0, 0.0, 0.0,  0,5,  4,5	
X = 0.0, 0.0, 1.0,  0,5,  4,5	
Z = 1.0, 1.0, 0.0,  0,5,  4,5	
N = 0.0, 0.0, 0.0,  0,5,  4,5		
	
US DEFINITIONS = 3	
+ = +,5,6,1.0	
! = !,0,5,1.0	
- = -,5,6,1.0	
	
CONTEXT DEFINITIONS = 4	
0 = TRAINING	
3 = LAMOUROXIA	
2 = BOUTONIA	
1 = WAGNERIA	
	
EVENT_STRUCTURES = 6	
X+	
Y+	
X-	
Z+	
N-	
Z-	
	
ITITYPE = FIXED 	
Trial#	1	2	3	4	5	6	7	8	9	10	11	12	13	14	15	16	17	18	19	20	21	22	23	24	25	26	27	28	29	30	31	32	33	34	35	36	37	38	39	40	41	42	43	44	45	46	47
ITI =	7	4	1	2	6	9	6	4	6	4	8	4	12	8	9	13	3	4	12	1	3	9	1	5	10	3	10	8	5	5	8	4	1	5	5	8	4	5	6	4	9	8	6	6	6	6	6
PRE =	5	5	5	5	5	5	5	5	5	5	5	5	5	5	5	5	5	5	5	5	5	5	5	5	5	5	5	5	5	5	5	5	5	5	5	5	5	5	5	5	5	5	5	5	5	5	5
EVENT =	2	2	2	2	1	1	1	1	2	2	2	2	1	1	1	1	2	2	2	2	3	3	3	3	2	2	2	2	3	3	3	3	2	2	2	2	2	4	4	4	4	4	6	6	6	6	1
CONTEXT = 	2	2	2	2	1	1	1	1	2	2	2	2	1	1	1	1	2	2	2	2	1	1	1	1	2	2	2	2	1	1	1	1	2	2	2	2	2	1	1	1	1	1	2	1	2	1	2
PHASE =	2	2	2	2	1	1	1	1	2	2	2	2	1	1	1	1	4	4	4	4	3	3	3	3	4	4	4	4	3	3	3	3	6	6	6	6	6	5	5	5	5	5	8	7	8	7	9
RUN = 1 to 47
	
	
***** NO Extinction *************************************************	
CONDITION NAME = 1111	
	
NUMBER OF TRIALS = 47	
	
CS DEFINITIONS = 4	
X = 1.0, 0.0, 0.0,  0,5,  4,5	
Y = 0.0, 0.0, 1.0,  0,5,  4,5	
Z = 1.0, 1.0, 0.0,  0,5,  4,5	
N = 0.0, 0.0, 0.0,  0,5,  4,5		
	
US DEFINITIONS = 3	
+ = +,5,6,1.0	
! = !,0,5,1.0	
- = -,5,6,1.0	
	
CONTEXT DEFINITIONS = 4	
0 = TRAINING	
3 = LAMOUROXIA	
1 = BOUTONIA	
2 = WAGNERIA	
	
EVENT_STRUCTURES = 6	
X+	
Y+	
N-	
Z+	
X-	
Z-	
	
ITITYPE = FIXED 	
Trial#	1	2	3	4	5	6	7	8	9	10	11	12	13	14	15	16	17	18	19	20	21	22	23	24	25	26	27	28	29	30	31	32	33	34	35	36	37	38	39	40	41	42	43	44	45	46	47
ITI =	6	9	6	4	7	4	1	2	12	8	9	13	6	4	8	4	3	9	1	5	3	4	12	1	5	5	8	4	10	3	10	8	5	6	4	9	8	1	5	5	8	4	6	6	6	6	6
PRE =	5	5	5	5	5	5	5	5	5	5	5	5	5	5	5	5	5	5	5	5	5	5	5	5	5	5	5	5	5	5	5	5	5	5	5	5	5	5	5	5	5	5	5	5	5	5	5
EVENT =	1	1	1	1	2	2	2	2	1	1	1	1	2	2	2	2	3	3	3	3	2	2	2	2	3	3	3	3	2	2	2	2	4	4	4	4	4	2	2	2	2	2	6	6	6	6	1
CONTEXT = 	1	1	1	1	2	2	2	2	1	1	1	1	2	2	2	2	1	1	1	1	2	2	2	2	1	1	1	1	2	2	2	2	1	1	1	1	1	2	2	2	2	2	1	2	1	2	2
PHASE =	1	1	1	1	2	2	2	2	1	1	1	1	2	2	2	2	3	3	3	3	4	4	4	4	3	3	3	3	4	4	4	4	5	5	5	5	5	6	6	6	6	6	7	8	7	8	9
RUN = 1 to 47
	
CONDITION NAME = 1211	
	
NUMBER OF TRIALS = 47	
	
CS DEFINITIONS = 4	
X = 1.0, 0.0, 0.0,  0,5,  4,5	
Y = 0.0, 0.0, 1.0,  0,5,  4,5	
Z = 1.0, 1.0, 0.0,  0,5,  4,5	
N = 0.0, 0.0, 0.0,  0,5,  4,5		
	
US DEFINITIONS = 3	
+ = +,5,6,1.0	
! = !,0,5,1.0	
- = -,5,6,1.0	
	
CONTEXT DEFINITIONS = 4	
0 = TRAINING	
3 = LAMOUROXIA	
1 = BOUTONIA	
2 = WAGNERIA	
	
EVENT_STRUCTURES = 6	
X+	
Y+	
N-	
Z+	
X-	
Z-	
	
ITITYPE = FIXED 	
Trial#	1	2	3	4	5	6	7	8	9	10	11	12	13	14	15	16	17	18	19	20	21	22	23	24	25	26	27	28	29	30	31	32	33	34	35	36	37	38	39	40	41	42	43	44	45	46	47
ITI =	7	4	1	2	6	9	6	4	6	4	8	4	12	8	9	13	3	4	12	1	3	9	1	5	10	3	10	8	5	5	8	4	1	5	5	8	4	5	6	4	9	8	6	6	6	6	6
PRE =	5	5	5	5	5	5	5	5	5	5	5	5	5	5	5	5	5	5	5	5	5	5	5	5	5	5	5	5	5	5	5	5	5	5	5	5	5	5	5	5	5	5	5	5	5	5	5
EVENT =	2	2	2	2	1	1	1	1	2	2	2	2	1	1	1	1	2	2	2	2	3	3	3	3	2	2	2	2	3	3	3	3	2	2	2	2	2	4	4	4	4	4	6	6	6	6	1
CONTEXT = 	2	2	2	2	1	1	1	1	2	2	2	2	1	1	1	1	2	2	2	2	1	1	1	1	2	2	2	2	1	1	1	1	2	2	2	2	2	1	1	1	1	1	1	2	1	2	2
PHASE =	2	2	2	2	1	1	1	1	2	2	2	2	1	1	1	1	4	4	4	4	3	3	3	3	4	4	4	4	3	3	3	3	6	6	6	6	6	5	5	5	5	5	7	8	7	8	9
RUN = 1 to 47
	
CONDITION NAME = 1121	
	
NUMBER OF TRIALS = 47	
	
CS DEFINITIONS = 4	
X = 1.0, 0.0, 0.0,  0,5,  4,5	
Y = 0.0, 0.0, 1.0,  0,5,  4,5	
Z = 1.0, 1.0, 0.0,  0,5,  4,5	
N = 0.0, 0.0, 0.0,  0,5,  4,5		
	
US DEFINITIONS = 3	
+ = +,5,6,1.0	
! = !,0,5,1.0	
- = -,5,6,1.0	
	
CONTEXT DEFINITIONS = 4	
0 = TRAINING	
3 = LAMOUROXIA	
1 = BOUTONIA	
2 = WAGNERIA	
	
EVENT_STRUCTURES = 6	
X+	
Y+	
N-	
Z+	
X-	
Z-	
	
ITITYPE = FIXED 	
Trial#	1	2	3	4	5	6	7	8	9	10	11	12	13	14	15	16	17	18	19	20	21	22	23	24	25	26	27	28	29	30	31	32	33	34	35	36	37	38	39	40	41	42	43	44	45	46	47
ITI =	6	9	6	4	7	4	1	2	12	8	9	13	6	4	8	4	3	9	1	5	3	4	12	1	5	5	8	4	10	3	10	8	5	6	4	9	8	1	5	5	8	4	6	6	6	6	6
PRE =	5	5	5	5	5	5	5	5	5	5	5	5	5	5	5	5	5	5	5	5	5	5	5	5	5	5	5	5	5	5	5	5	5	5	5	5	5	5	5	5	5	5	5	5	5	5	5
EVENT =	1	1	1	1	2	2	2	2	1	1	1	1	2	2	2	2	3	3	3	3	2	2	2	2	3	3	3	3	2	2	2	2	4	4	4	4	4	2	2	2	2	2	6	6	6	6	1
CONTEXT = 	1	1	1	1	2	2	2	2	1	1	1	1	2	2	2	2	1	1	1	1	2	2	2	2	1	1	1	1	2	2	2	2	1	1	1	1	1	2	2	2	2	2	2	1	2	1	2
PHASE =	1	1	1	1	2	2	2	2	1	1	1	1	2	2	2	2	3	3	3	3	4	4	4	4	3	3	3	3	4	4	4	4	5	5	5	5	5	6	6	6	6	6	8	7	8	7	9
RUN = 1 to 47
	
CONDITION NAME = 1221	
	
NUMBER OF TRIALS = 47	
	
CS DEFINITIONS = 4	
X = 1.0, 0.0, 0.0,  0,5,  4,5	
Y = 0.0, 0.0, 1.0,  0,5,  4,5	
Z = 1.0, 1.0, 0.0,  0,5,  4,5	
N = 0.0, 0.0, 0.0,  0,5,  4,5		
	
US DEFINITIONS = 3	
+ = +,5,6,1.0	
! = !,0,5,1.0	
- = -,5,6,1.0	
	
CONTEXT DEFINITIONS = 4	
0 = TRAINING	
3 = LAMOUROXIA	
1 = BOUTONIA	
2 = WAGNERIA	
	
EVENT_STRUCTURES = 6	
X+	
Y+	
N-	
Z+	
X-	
Z-	
	
ITITYPE = FIXED 	
Trial#	1	2	3	4	5	6	7	8	9	10	11	12	13	14	15	16	17	18	19	20	21	22	23	24	25	26	27	28	29	30	31	32	33	34	35	36	37	38	39	40	41	42	43	44	45	46	47
ITI =	7	4	1	2	6	9	6	4	6	4	8	4	12	8	9	13	3	4	12	1	3	9	1	5	10	3	10	8	5	5	8	4	1	5	5	8	4	5	6	4	9	8	6	6	6	6	6
PRE =	5	5	5	5	5	5	5	5	5	5	5	5	5	5	5	5	5	5	5	5	5	5	5	5	5	5	5	5	5	5	5	5	5	5	5	5	5	5	5	5	5	5	5	5	5	5	5
EVENT =	2	2	2	2	1	1	1	1	2	2	2	2	1	1	1	1	2	2	2	2	3	3	3	3	2	2	2	2	3	3	3	3	2	2	2	2	2	4	4	4	4	4	6	6	6	6	1
CONTEXT = 	2	2	2	2	1	1	1	1	2	2	2	2	1	1	1	1	2	2	2	2	1	1	1	1	2	2	2	2	1	1	1	1	2	2	2	2	2	1	1	1	1	1	2	1	2	1	2
PHASE =	2	2	2	2	1	1	1	1	2	2	2	2	1	1	1	1	4	4	4	4	3	3	3	3	4	4	4	4	3	3	3	3	6	6	6	6	6	5	5	5	5	5	8	7	8	7	9
RUN = 1 to 47
	
	
CONDITION NAME = 2111	
	
NUMBER OF TRIALS = 47	
	
CS DEFINITIONS = 4	
X = 1.0, 0.0, 0.0,  0,5,  4,5	
Y = 0.0, 0.0, 1.0,  0,5,  4,5	
Z = 1.0, 1.0, 0.0,  0,5,  4,5	
N = 0.0, 0.0, 0.0,  0,5,  4,5		
	
US DEFINITIONS = 3	
+ = +,5,6,1.0	
! = !,0,5,1.0	
- = -,5,6,1.0	
	
CONTEXT DEFINITIONS = 4	
0 = TRAINING	
3 = LAMOUROXIA	
2 = BOUTONIA	
1 = WAGNERIA	
	
EVENT_STRUCTURES = 6	
X+	
Y+	
N-	
Z+	
X-	
Z-	
	
ITITYPE = FIXED 	
Trial#	1	2	3	4	5	6	7	8	9	10	11	12	13	14	15	16	17	18	19	20	21	22	23	24	25	26	27	28	29	30	31	32	33	34	35	36	37	38	39	40	41	42	43	44	45	46	47
ITI =	6	9	6	4	7	4	1	2	12	8	9	13	6	4	8	4	3	9	1	5	3	4	12	1	5	5	8	4	10	3	10	8	5	6	4	9	8	1	5	5	8	4	6	6	6	6	6
PRE =	5	5	5	5	5	5	5	5	5	5	5	5	5	5	5	5	5	5	5	5	5	5	5	5	5	5	5	5	5	5	5	5	5	5	5	5	5	5	5	5	5	5	5	5	5	5	5
EVENT =	1	1	1	1	2	2	2	2	1	1	1	1	2	2	2	2	3	3	3	3	2	2	2	2	3	3	3	3	2	2	2	2	4	4	4	4	4	2	2	2	2	2	6	6	6	6	1
CONTEXT = 	1	1	1	1	2	2	2	2	1	1	1	1	2	2	2	2	1	1	1	1	2	2	2	2	1	1	1	1	2	2	2	2	1	1	1	1	1	2	2	2	2	2	1	2	1	2	2
PHASE =	1	1	1	1	2	2	2	2	1	1	1	1	2	2	2	2	3	3	3	3	4	4	4	4	3	3	3	3	4	4	4	4	5	5	5	5	5	6	6	6	6	6	7	8	7	8	9
RUN = 1 to 47
	
CONDITION NAME = 2211	
	
NUMBER OF TRIALS = 47	
	
CS DEFINITIONS = 4	
X = 1.0, 0.0, 0.0,  0,5,  4,5	
Y = 0.0, 0.0, 1.0,  0,5,  4,5	
Z = 1.0, 1.0, 0.0,  0,5,  4,5	
N = 0.0, 0.0, 0.0,  0,5,  4,5		
	
US DEFINITIONS = 3	
+ = +,5,6,1.0	
! = !,0,5,1.0	
- = -,5,6,1.0	
	
CONTEXT DEFINITIONS = 4	
0 = TRAINING	
3 = LAMOUROXIA	
2 = BOUTONIA	
1 = WAGNERIA	
	
EVENT_STRUCTURES = 6	
X+	
Y+	
N-	
Z+	
X-	
Z-	
	
ITITYPE = FIXED 	
Trial#	1	2	3	4	5	6	7	8	9	10	11	12	13	14	15	16	17	18	19	20	21	22	23	24	25	26	27	28	29	30	31	32	33	34	35	36	37	38	39	40	41	42	43	44	45	46	47
ITI =	7	4	1	2	6	9	6	4	6	4	8	4	12	8	9	13	3	4	12	1	3	9	1	5	10	3	10	8	5	5	8	4	1	5	5	8	4	5	6	4	9	8	6	6	6	6	6
PRE =	5	5	5	5	5	5	5	5	5	5	5	5	5	5	5	5	5	5	5	5	5	5	5	5	5	5	5	5	5	5	5	5	5	5	5	5	5	5	5	5	5	5	5	5	5	5	5
EVENT =	2	2	2	2	1	1	1	1	2	2	2	2	1	1	1	1	2	2	2	2	3	3	3	3	2	2	2	2	3	3	3	3	2	2	2	2	2	4	4	4	4	4	6	6	6	6	1
CONTEXT = 	2	2	2	2	1	1	1	1	2	2	2	2	1	1	1	1	2	2	2	2	1	1	1	1	2	2	2	2	1	1	1	1	2	2	2	2	2	1	1	1	1	1	1	2	1	2	2
PHASE =	2	2	2	2	1	1	1	1	2	2	2	2	1	1	1	1	4	4	4	4	3	3	3	3	4	4	4	4	3	3	3	3	6	6	6	6	6	5	5	5	5	5	7	8	7	8	9
RUN = 1 to 47
	
CONDITION NAME = 2121	
	
NUMBER OF TRIALS = 47	
	
CS DEFINITIONS = 4	
X = 1.0, 0.0, 0.0,  0,5,  4,5	
Y = 0.0, 0.0, 1.0,  0,5,  4,5	
Z = 1.0, 1.0, 0.0,  0,5,  4,5	
N = 0.0, 0.0, 0.0,  0,5,  4,5		
	
US DEFINITIONS = 3	
+ = +,5,6,1.0	
! = !,0,5,1.0	
- = -,5,6,1.0	
	
CONTEXT DEFINITIONS = 4	
0 = TRAINING	
3 = LAMOUROXIA	
2 = BOUTONIA	
1 = WAGNERIA	
	
EVENT_STRUCTURES = 6	
X+	
Y+	
N-	
Z+	
X-	
Z-	
	
ITITYPE = FIXED 	
Trial#	1	2	3	4	5	6	7	8	9	10	11	12	13	14	15	16	17	18	19	20	21	22	23	24	25	26	27	28	29	30	31	32	33	34	35	36	37	38	39	40	41	42	43	44	45	46	47
ITI =	6	9	6	4	7	4	1	2	12	8	9	13	6	4	8	4	3	9	1	5	3	4	12	1	5	5	8	4	10	3	10	8	5	6	4	9	8	1	5	5	8	4	6	6	6	6	6
PRE =	5	5	5	5	5	5	5	5	5	5	5	5	5	5	5	5	5	5	5	5	5	5	5	5	5	5	5	5	5	5	5	5	5	5	5	5	5	5	5	5	5	5	5	5	5	5	5
EVENT =	1	1	1	1	2	2	2	2	1	1	1	1	2	2	2	2	3	3	3	3	2	2	2	2	3	3	3	3	2	2	2	2	4	4	4	4	4	2	2	2	2	2	6	6	6	6	1
CONTEXT = 	1	1	1	1	2	2	2	2	1	1	1	1	2	2	2	2	1	1	1	1	2	2	2	2	1	1	1	1	2	2	2	2	1	1	1	1	1	2	2	2	2	2	2	1	2	1	2
PHASE =	1	1	1	1	2	2	2	2	1	1	1	1	2	2	2	2	3	3	3	3	4	4	4	4	3	3	3	3	4	4	4	4	5	5	5	5	5	6	6	6	6	6	8	7	8	7	9
RUN = 1 to 47
	
CONDITION NAME = 2221	
	
NUMBER OF TRIALS = 47	
	
CS DEFINITIONS = 4	
X = 1.0, 0.0, 0.0,  0,5,  4,5	
Y = 0.0, 0.0, 1.0,  0,5,  4,5	
Z = 1.0, 1.0, 0.0,  0,5,  4,5	
N = 0.0, 0.0, 0.0,  0,5,  4,5		
	
US DEFINITIONS = 3	
+ = +,5,6,1.0	
! = !,0,5,1.0	
- = -,5,6,1.0	
	
CONTEXT DEFINITIONS = 4	
0 = TRAINING	
3 = LAMOUROXIA	
2 = BOUTONIA	
1 = WAGNERIA	
	
EVENT_STRUCTURES = 6	
X+	
Y+	
N-	
Z+	
X-	
Z-	
	
ITITYPE = FIXED 	
Trial#	1	2	3	4	5	6	7	8	9	10	11	12	13	14	15	16	17	18	19	20	21	22	23	24	25	26	27	28	29	30	31	32	33	34	35	36	37	38	39	40	41	42	43	44	45	46	47
ITI =	7	4	1	2	6	9	6	4	6	4	8	4	12	8	9	13	3	4	12	1	3	9	1	5	10	3	10	8	5	5	8	4	1	5	5	8	4	5	6	4	9	8	6	6	6	6	6
PRE =	5	5	5	5	5	5	5	5	5	5	5	5	5	5	5	5	5	5	5	5	5	5	5	5	5	5	5	5	5	5	5	5	5	5	5	5	5	5	5	5	5	5	5	5	5	5	5
EVENT =	2	2	2	2	1	1	1	1	2	2	2	2	1	1	1	1	2	2	2	2	3	3	3	3	2	2	2	2	3	3	3	3	2	2	2	2	2	4	4	4	4	4	6	6	6	6	1
CONTEXT = 	2	2	2	2	1	1	1	1	2	2	2	2	1	1	1	1	2	2	2	2	1	1	1	1	2	2	2	2	1	1	1	1	2	2	2	2	2	1	1	1	1	1	2	1	2	1	2
PHASE =	2	2	2	2	1	1	1	1	2	2	2	2	1	1	1	1	4	4	4	4	3	3	3	3	4	4	4	4	3	3	3	3	6	6	6	6	6	5	5	5	5	5	8	7	8	7	9
RUN = 1 to 47
	
	
CONDITION NAME = 1112	
	
NUMBER OF TRIALS = 47	
	
CS DEFINITIONS = 4	
Y = 1.0, 0.0, 0.0,  0,5,  4,5	
X = 0.0, 0.0, 1.0,  0,5,  4,5	
Z = 1.0, 1.0, 0.0,  0,5,  4,5	
N = 0.0, 0.0, 0.0,  0,5,  4,5		
	
US DEFINITIONS = 3	
+ = +,5,6,1.0	
! = !,0,5,1.0	
- = -,5,6,1.0	
	
CONTEXT DEFINITIONS = 4	
0 = TRAINING	
3 = LAMOUROXIA	
1 = BOUTONIA	
2 = WAGNERIA	
	
EVENT_STRUCTURES = 6	
X+	
Y+	
N-	
Z+	
X-	
Z-	
	
ITITYPE = FIXED 	
Trial#	1	2	3	4	5	6	7	8	9	10	11	12	13	14	15	16	17	18	19	20	21	22	23	24	25	26	27	28	29	30	31	32	33	34	35	36	37	38	39	40	41	42	43	44	45	46	47
ITI =	6	9	6	4	7	4	1	2	12	8	9	13	6	4	8	4	3	9	1	5	3	4	12	1	5	5	8	4	10	3	10	8	5	6	4	9	8	1	5	5	8	4	6	6	6	6	6
PRE =	5	5	5	5	5	5	5	5	5	5	5	5	5	5	5	5	5	5	5	5	5	5	5	5	5	5	5	5	5	5	5	5	5	5	5	5	5	5	5	5	5	5	5	5	5	5	5
EVENT =	1	1	1	1	2	2	2	2	1	1	1	1	2	2	2	2	3	3	3	3	2	2	2	2	3	3	3	3	2	2	2	2	4	4	4	4	4	2	2	2	2	2	6	6	6	6	1
CONTEXT = 	1	1	1	1	2	2	2	2	1	1	1	1	2	2	2	2	1	1	1	1	2	2	2	2	1	1	1	1	2	2	2	2	1	1	1	1	1	2	2	2	2	2	1	2	1	2	2
PHASE =	1	1	1	1	2	2	2	2	1	1	1	1	2	2	2	2	3	3	3	3	4	4	4	4	3	3	3	3	4	4	4	4	5	5	5	5	5	6	6	6	6	6	7	8	7	8	9
RUN = 1 to 47
	
CONDITION NAME = 1212	
	
NUMBER OF TRIALS = 47	
	
CS DEFINITIONS = 4	
Y = 1.0, 0.0, 0.0,  0,5,  4,5	
X = 0.0, 0.0, 1.0,  0,5,  4,5	
Z = 1.0, 1.0, 0.0,  0,5,  4,5	
N = 0.0, 0.0, 0.0,  0,5,  4,5		
	
US DEFINITIONS = 3	
+ = +,5,6,1.0	
! = !,0,5,1.0	
- = -,5,6,1.0	
	
CONTEXT DEFINITIONS = 4	
0 = TRAINING	
3 = LAMOUROXIA	
1 = BOUTONIA	
2 = WAGNERIA	
	
EVENT_STRUCTURES = 6	
X+	
Y+	
N-	
Z+	
X-	
Z-	
	
ITITYPE = FIXED 	
Trial#	1	2	3	4	5	6	7	8	9	10	11	12	13	14	15	16	17	18	19	20	21	22	23	24	25	26	27	28	29	30	31	32	33	34	35	36	37	38	39	40	41	42	43	44	45	46	47
ITI =	7	4	1	2	6	9	6	4	6	4	8	4	12	8	9	13	3	4	12	1	3	9	1	5	10	3	10	8	5	5	8	4	1	5	5	8	4	5	6	4	9	8	6	6	6	6	6
PRE =	5	5	5	5	5	5	5	5	5	5	5	5	5	5	5	5	5	5	5	5	5	5	5	5	5	5	5	5	5	5	5	5	5	5	5	5	5	5	5	5	5	5	5	5	5	5	5
EVENT =	2	2	2	2	1	1	1	1	2	2	2	2	1	1	1	1	2	2	2	2	3	3	3	3	2	2	2	2	3	3	3	3	2	2	2	2	2	4	4	4	4	4	6	6	6	6	1
CONTEXT = 	2	2	2	2	1	1	1	1	2	2	2	2	1	1	1	1	2	2	2	2	1	1	1	1	2	2	2	2	1	1	1	1	2	2	2	2	2	1	1	1	1	1	1	2	1	2	2
PHASE =	2	2	2	2	1	1	1	1	2	2	2	2	1	1	1	1	4	4	4	4	3	3	3	3	4	4	4	4	3	3	3	3	6	6	6	6	6	5	5	5	5	5	7	8	7	8	9
RUN = 1 to 47
	
CONDITION NAME = 1122	
	
NUMBER OF TRIALS = 47	
	
CS DEFINITIONS = 4	
Y = 1.0, 0.0, 0.0,  0,5,  4,5	
X = 0.0, 0.0, 1.0,  0,5,  4,5	
Z = 1.0, 1.0, 0.0,  0,5,  4,5	
N = 0.0, 0.0, 0.0,  0,5,  4,5		
	
US DEFINITIONS = 3	
+ = +,5,6,1.0	
! = !,0,5,1.0	
- = -,5,6,1.0	
	
CONTEXT DEFINITIONS = 4	
0 = TRAINING	
3 = LAMOUROXIA	
1 = BOUTONIA	
2 = WAGNERIA	
	
EVENT_STRUCTURES = 6	
X+	
Y+	
N-	
Z+	
X-	
Z-	
	
ITITYPE = FIXED 	
Trial#	1	2	3	4	5	6	7	8	9	10	11	12	13	14	15	16	17	18	19	20	21	22	23	24	25	26	27	28	29	30	31	32	33	34	35	36	37	38	39	40	41	42	43	44	45	46	47
ITI =	6	9	6	4	7	4	1	2	12	8	9	13	6	4	8	4	3	9	1	5	3	4	12	1	5	5	8	4	10	3	10	8	5	6	4	9	8	1	5	5	8	4	6	6	6	6	6
PRE =	5	5	5	5	5	5	5	5	5	5	5	5	5	5	5	5	5	5	5	5	5	5	5	5	5	5	5	5	5	5	5	5	5	5	5	5	5	5	5	5	5	5	5	5	5	5	5
EVENT =	1	1	1	1	2	2	2	2	1	1	1	1	2	2	2	2	3	3	3	3	2	2	2	2	3	3	3	3	2	2	2	2	4	4	4	4	4	2	2	2	2	2	6	6	6	6	1
CONTEXT = 	1	1	1	1	2	2	2	2	1	1	1	1	2	2	2	2	1	1	1	1	2	2	2	2	1	1	1	1	2	2	2	2	1	1	1	1	1	2	2	2	2	2	2	1	2	1	2
PHASE =	1	1	1	1	2	2	2	2	1	1	1	1	2	2	2	2	3	3	3	3	4	4	4	4	3	3	3	3	4	4	4	4	5	5	5	5	5	6	6	6	6	6	8	7	8	7	9
RUN = 1 to 47
	
CONDITION NAME = 1222	
	
NUMBER OF TRIALS = 47	
	
CS DEFINITIONS = 4	
Y = 1.0, 0.0, 0.0,  0,5,  4,5	
X = 0.0, 0.0, 1.0,  0,5,  4,5	
Z = 1.0, 1.0, 0.0,  0,5,  4,5	
N = 0.0, 0.0, 0.0,  0,5,  4,5		
	
US DEFINITIONS = 3	
+ = +,5,6,1.0	
! = !,0,5,1.0	
- = -,5,6,1.0	
	
CONTEXT DEFINITIONS = 4	
0 = TRAINING	
3 = LAMOUROXIA	
1 = BOUTONIA	
2 = WAGNERIA	
	
EVENT_STRUCTURES = 6	
X+	
Y+	
N-	
Z+	
X-	
Z-	
	
ITITYPE = FIXED 	
Trial#	1	2	3	4	5	6	7	8	9	10	11	12	13	14	15	16	17	18	19	20	21	22	23	24	25	26	27	28	29	30	31	32	33	34	35	36	37	38	39	40	41	42	43	44	45	46	47
ITI =	7	4	1	2	6	9	6	4	6	4	8	4	12	8	9	13	3	4	12	1	3	9	1	5	10	3	10	8	5	5	8	4	1	5	5	8	4	5	6	4	9	8	6	6	6	6	6
PRE =	5	5	5	5	5	5	5	5	5	5	5	5	5	5	5	5	5	5	5	5	5	5	5	5	5	5	5	5	5	5	5	5	5	5	5	5	5	5	5	5	5	5	5	5	5	5	5
EVENT =	2	2	2	2	1	1	1	1	2	2	2	2	1	1	1	1	2	2	2	2	3	3	3	3	2	2	2	2	3	3	3	3	2	2	2	2	2	4	4	4	4	4	6	6	6	6	1
CONTEXT = 	2	2	2	2	1	1	1	1	2	2	2	2	1	1	1	1	2	2	2	2	1	1	1	1	2	2	2	2	1	1	1	1	2	2	2	2	2	1	1	1	1	1	2	1	2	1	2
PHASE =	2	2	2	2	1	1	1	1	2	2	2	2	1	1	1	1	4	4	4	4	3	3	3	3	4	4	4	4	3	3	3	3	6	6	6	6	6	5	5	5	5	5	8	7	8	7	9
RUN = 1 to 47
	
	
CONDITION NAME = 2112	
	
NUMBER OF TRIALS = 47	
	
CS DEFINITIONS = 4	
Y = 1.0, 0.0, 0.0,  0,5,  4,5	
X = 0.0, 0.0, 1.0,  0,5,  4,5	
Z = 1.0, 1.0, 0.0,  0,5,  4,5	
N = 0.0, 0.0, 0.0,  0,5,  4,5		
	
US DEFINITIONS = 3	
+ = +,5,6,1.0	
! = !,0,5,1.0	
- = -,5,6,1.0	
	
CONTEXT DEFINITIONS = 4	
0 = TRAINING	
3 = LAMOUROXIA	
2 = BOUTONIA	
1 = WAGNERIA	
	
EVENT_STRUCTURES = 6	
X+	
Y+	
N-	
Z+	
X-	
Z-	
	
ITITYPE = FIXED 	
Trial#	1	2	3	4	5	6	7	8	9	10	11	12	13	14	15	16	17	18	19	20	21	22	23	24	25	26	27	28	29	30	31	32	33	34	35	36	37	38	39	40	41	42	43	44	45	46	47
ITI =	6	9	6	4	7	4	1	2	12	8	9	13	6	4	8	4	3	9	1	5	3	4	12	1	5	5	8	4	10	3	10	8	5	6	4	9	8	1	5	5	8	4	6	6	6	6	6
PRE =	5	5	5	5	5	5	5	5	5	5	5	5	5	5	5	5	5	5	5	5	5	5	5	5	5	5	5	5	5	5	5	5	5	5	5	5	5	5	5	5	5	5	5	5	5	5	5
EVENT =	1	1	1	1	2	2	2	2	1	1	1	1	2	2	2	2	3	3	3	3	2	2	2	2	3	3	3	3	2	2	2	2	4	4	4	4	4	2	2	2	2	2	6	6	6	6	1
CONTEXT = 	1	1	1	1	2	2	2	2	1	1	1	1	2	2	2	2	1	1	1	1	2	2	2	2	1	1	1	1	2	2	2	2	1	1	1	1	1	2	2	2	2	2	1	2	1	2	2
PHASE =	1	1	1	1	2	2	2	2	1	1	1	1	2	2	2	2	3	3	3	3	4	4	4	4	3	3	3	3	4	4	4	4	5	5	5	5	5	6	6	6	6	6	7	8	7	8	9
RUN = 1 to 47

CONDITION NAME = 2212	
	
NUMBER OF TRIALS = 47	
	
CS DEFINITIONS = 4	
Y = 1.0, 0.0, 0.0,  0,5,  4,5	
X = 0.0, 0.0, 1.0,  0,5,  4,5	
Z = 1.0, 1.0, 0.0,  0,5,  4,5	
N = 0.0, 0.0, 0.0,  0,5,  4,5		
	
US DEFINITIONS = 3	
+ = +,5,6,1.0	
! = !,0,5,1.0	
- = -,5,6,1.0	
	
CONTEXT DEFINITIONS = 4	
0 = TRAINING	
3 = LAMOUROXIA	
2 = BOUTONIA	
1 = WAGNERIA	
	
EVENT_STRUCTURES = 6	
X+	
Y+	
N-	
Z+	
X-	
Z-	
	
ITITYPE = FIXED 	
Trial#	1	2	3	4	5	6	7	8	9	10	11	12	13	14	15	16	17	18	19	20	21	22	23	24	25	26	27	28	29	30	31	32	33	34	35	36	37	38	39	40	41	42	43	44	45	46	47
ITI =	7	4	1	2	6	9	6	4	6	4	8	4	12	8	9	13	3	4	12	1	3	9	1	5	10	3	10	8	5	5	8	4	1	5	5	8	4	5	6	4	9	8	6	6	6	6	6
PRE =	5	5	5	5	5	5	5	5	5	5	5	5	5	5	5	5	5	5	5	5	5	5	5	5	5	5	5	5	5	5	5	5	5	5	5	5	5	5	5	5	5	5	5	5	5	5	5
EVENT =	2	2	2	2	1	1	1	1	2	2	2	2	1	1	1	1	2	2	2	2	3	3	3	3	2	2	2	2	3	3	3	3	2	2	2	2	2	4	4	4	4	4	6	6	6	6	1
CONTEXT = 	2	2	2	2	1	1	1	1	2	2	2	2	1	1	1	1	2	2	2	2	1	1	1	1	2	2	2	2	1	1	1	1	2	2	2	2	2	1	1	1	1	1	1	2	1	2	2
PHASE =	2	2	2	2	1	1	1	1	2	2	2	2	1	1	1	1	4	4	4	4	3	3	3	3	4	4	4	4	3	3	3	3	6	6	6	6	6	5	5	5	5	5	7	8	7	8	9
RUN = 1 to 47
	
CONDITION NAME = 2122	
	
NUMBER OF TRIALS = 47	
	
CS DEFINITIONS = 4	
Y = 1.0, 0.0, 0.0,  0,5,  4,5	
X = 0.0, 0.0, 1.0,  0,5,  4,5	
Z = 1.0, 1.0, 0.0,  0,5,  4,5	
N = 0.0, 0.0, 0.0,  0,5,  4,5		
	
US DEFINITIONS = 3	
+ = +,5,6,1.0	
! = !,0,5,1.0	
- = -,5,6,1.0	
	
CONTEXT DEFINITIONS = 4	
0 = TRAINING	
3 = LAMOUROXIA	
2 = BOUTONIA	
1 = WAGNERIA	
	
EVENT_STRUCTURES = 6	
X+	
Y+	
N-	
Z+	
X-	
Z-	
	
ITITYPE = FIXED 	
Trial#	1	2	3	4	5	6	7	8	9	10	11	12	13	14	15	16	17	18	19	20	21	22	23	24	25	26	27	28	29	30	31	32	33	34	35	36	37	38	39	40	41	42	43	44	45	46	47
ITI =	6	9	6	4	7	4	1	2	12	8	9	13	6	4	8	4	3	9	1	5	3	4	12	1	5	5	8	4	10	3	10	8	5	6	4	9	8	1	5	5	8	4	6	6	6	6	6
PRE =	5	5	5	5	5	5	5	5	5	5	5	5	5	5	5	5	5	5	5	5	5	5	5	5	5	5	5	5	5	5	5	5	5	5	5	5	5	5	5	5	5	5	5	5	5	5	5
EVENT =	1	1	1	1	2	2	2	2	1	1	1	1	2	2	2	2	3	3	3	3	2	2	2	2	3	3	3	3	2	2	2	2	4	4	4	4	4	2	2	2	2	2	6	6	6	6	1
CONTEXT = 	1	1	1	1	2	2	2	2	1	1	1	1	2	2	2	2	1	1	1	1	2	2	2	2	1	1	1	1	2	2	2	2	1	1	1	1	1	2	2	2	2	2	2	1	2	1	2
PHASE =	1	1	1	1	2	2	2	2	1	1	1	1	2	2	2	2	3	3	3	3	4	4	4	4	3	3	3	3	4	4	4	4	5	5	5	5	5	6	6	6	6	6	8	7	8	7	9
RUN = 1 to 47
	
CONDITION NAME = 2222	
	
NUMBER OF TRIALS = 47	
	
CS DEFINITIONS = 4	
Y = 1.0, 0.0, 0.0,  0,5,  4,5	
X = 0.0, 0.0, 1.0,  0,5,  4,5	
Z = 1.0, 1.0, 0.0,  0,5,  4,5	
N = 0.0, 0.0, 0.0,  0,5,  4,5		
	
US DEFINITIONS = 3	
+ = +,5,6,1.0	
! = !,0,5,1.0	
- = -,5,6,1.0	
	
CONTEXT DEFINITIONS = 4	
0 = TRAINING	
3 = LAMOUROXIA	
2 = BOUTONIA	
1 = WAGNERIA	
	
EVENT_STRUCTURES = 6	
X+	
Y+	
N-	
Z+	
X-	
Z-	
	
ITITYPE = FIXED 	
Trial#		1	2	3	4	5	6	7	8	9	10	11	12	13	14	15	16	17	18	19	20	21	22	23	24	25	26	27	28	29	30	31	32	33	34	35	36	37	38	39	40	41	42	43	44	45	46	47
ITI =		7	4	1	2	6	9	6	4	6	4	8	4	12	8	9	13	3	4	12	1	3	9	1	5	10	3	10	8	5	5	8	4	1	5	5	8	4	5	6	4	9	8	6	6	6	6	6
PRE =		5	5	5	5	5	5	5	5	5	5	5	5	5	5	5	5	5	5	5	5	5	5	5	5	5	5	5	5	5	5	5	5	5	5	5	5	5	5	5	5	5	5	5	5	5	5	5
EVENT =	2	2	2	2	1	1	1	1	2	2	2	2	1	1	1	1	2	2	2	2	3	3	3	3	2	2	2	2	3	3	3	3	2	2	2	2	2	4	4	4	4	4	6	6	6	6	1
CONTEXT = 	2	2	2	2	1	1	1	1	2	2	2	2	1	1	1	1	2	2	2	2	1	1	1	1	2	2	2	2	1	1	1	1	2	2	2	2	2	1	1	1	1	1	2	1	2	1	2
PHASE =	2	2	2	2	1	1	1	1	2	2	2	2	1	1	1	1	4	4	4	4	3	3	3	3	4	4	4	4	3	3	3	3	6	6	6	6	6	5	5	5	5	5	8	7	8	7	9
RUN = 1 to 47

FIN.



















